2 200
1 400
2 600
1 800
2 1000
1 1200
2 1400
1 1600
2 1800
1 2000
2 2200
1 2400
2 2600
1 2800
2 3000
1 3200
2 3400
1 3600
2 3800
1 4000
2 4200
1 4400
2 4600
1 4800
2 5000
1 5200
2 5400
1 5600
2 5800
1 6000
2 6200
1 6400
2 6600
1 6800
2 7000
1 7200
2 7400
1 7600
2 7800
1 8000
2 8200
1 8400
2 8600
1 8800
2 9000
1 9200
2 9400
1 9600
2 9800
1 10000
2 10200
1 10400
2 10600
1 10800
2 11000
1 11200
2 11400
1 11600
2 11800
1 12000
2 12200
1 12400
2 12600
1 12800
2 13000
1 13200
2 13400
1 13600
2 13800
1 14000
2 14200
1 14400
2 14600
1 14800
2 15000
1 15200
2 15400
1 15600
2 15800
1 16000
2 16200
1 16400
2 16600
1 16800
2 17000
1 17200
2 17400
1 17600
2 17800
1 18000
2 18200
1 18400
2 18600
1 18800
2 19000
1 19200
2 19400
1 19600
2 19800
1 20000
2 20200
1 20400
2 20600
1 20800
2 21000
1 21200
2 21400
1 21600
2 21800
1 22000
2 22200
1 22400
2 22600
1 22800
2 23000
1 23200
2 23400
1 23600
2 23800
1 24000
2 24200
1 24400
2 24600
1 24800
2 25000
1 25200
2 25400
1 25600
2 25800
1 26000
2 26200
1 26400
2 26600
1 26800
2 27000
1 27200
2 27400
1 27600
2 27800
1 28000
2 28200
1 28400
2 28600
1 28800
2 29000
1 29200
2 29400
1 29600
2 29800
1 30000
2 30200
1 30400
2 30600
1 30800
2 31000
1 31200
2 31400
1 31600
2 31800
1 32000
2 32200
1 32400
2 32600
1 32800
2 33000
1 33200
2 33400
1 33600
2 33800
1 34000
2 34200
1 34400
2 34600
1 34800
2 35000
1 35200
2 35400
1 35600
2 35800
1 36000
2 36200
1 36400
2 36600
1 36800
2 37000
1 37200
2 37400
1 37600
2 37800
1 38000
2 38200
1 38400
2 38600
1 38800
2 39000
1 39200
2 39400
1 39600
2 39800
